28.09
28.10
27.93
27.64
27.83
27.47
27.29
27.54
28.10
28.01
28.23
27.76
27.24
26.28
26.61
26.77
26.93
26.46
25.58
25.78
25.83
25.98
25.27
25.43
25.16
25.42
25.40
25.52
25.35
25.85
26.07
26.42
26.23
26.20
25.83
26.11
26.08
26.14
26.46
25.95
25.95
26.11
26.07
26.11
26.26
26.42
26.61
26.69
26.71
26.78
27.02
27.00
26.98
26.99
27.25
27.04
27.36
27.04
26.98
27.14
26.71
26.59
26.69
26.73
26.76
27.28
27.66
27.65
27.76
28.10
28.15
27.97
28.30
28.59
28.57
28.62
28.23
28.37
28.13
28.18
28.27
27.85
28.14
27.47
27.22
26.42
25.72
26.39
26.33
26.84
26.66
26.38
26.39
26.20
25.87
24.83
24.58
24.06
23.88
22.91
23.81
23.63
23.71
24.24
24.60
23.62
23.16
23.00
22.71
22.90
23.50
23.36
24.35
24.11
24.15
24.22
23.77
23.60
23.18
22.90
22.47
22.27
21.35
21.08
21.21
21.31
21.82
22.26
22.36
22.23
22.74
23.02
23.30
23.37
22.80
23.11
23.34
23.01
23.67
23.64
23.91
23.96
23.77
23.84
23.64
24.12
23.96
23.57
23.24
23.40
23.46
22.96
22.77
22.43
22.35
22.44
22.75
22.85
22.50
22.31
22.36
22.14
22.19
21.93
22.04
21.77
21.61
22.01
22.04
22.37
22.06
22.04
22.11
21.96
23.12
23.05
23.13
23.32
23.22
23.42
23.16
22.66
22.50
22.82
22.77
22.73
22.56
22.55
22.45
22.02
22.42
22.50
22.59
22.62
22.64
22.86
23.33
23.23
23.52
23.78
23.11
23.31
23.41
23.37
23.20
23.85
23.99
24.20
24.56
24.82
25.22
24.89
24.99
24.72
24.69
24.82
24.81
24.57
24.19
24.13
23.91
23.69
23.94
23.80
23.84
23.27
23.50
23.39
23.45
23.40
24.13
24.91
25.03
24.87
24.89
25.23
25.09
25.33
25.25
25.59
25.80
25.93
25.85
25.77
26.01
26.12
26.22
26.01
25.95
25.91
25.80
25.86
25.92
26.02
25.94
26.70
26.50
26.15
26.04
26.45
26.12
26.22
26.55
26.38
26.27
25.96
26.29
26.36
26.66
26.75
25.71
25.69
25.93
25.89
25.62
25.73
26.13
26.20
25.91
25.48
25.25
25.23
25.13
25.18
25.36
25.22
24.78
24.78
24.95
24.74
24.77
24.38
24.31
24.42
24.18
23.97
24.15
24.13
23.68
23.93
23.94
23.66
23.10
23.09
23.11
23.61
23.58
23.80
24.05
23.88
23.68
23.76
23.87
23.66
23.75
23.81
24.03
24.37
24.42
24.30
24.21
23.90
23.89
23.69
23.64
23.37
23.44
24.01
23.78
23.87
24.41
24.58
24.89
24.16
23.91
24.05
24.29
24.04
24.11
24.07
23.92
23.63
23.60
23.33
22.90
23.00
23.16
23.19
22.97
22.67
22.65
22.69
23.14
23.23
23.46
22.92
22.72
22.43
22.52
22.57
22.46
22.48
22.24
22.55
22.72
22.27
22.51
22.76
22.95
23.23
23.12
23.10
22.79
23.64
24.20
24.03
24.39
24.41
24.42
24.70
25.11
25.25
24.98
24.90
24.98
24.83
25.12
24.94
25.83
25.38
25.42
25.82
26.18
26.34
25.64
26.00
25.70
25.58
25.14
25.25
24.33
24.09
22.96
24.00
22.70
23.63
23.55
23.93
23.93
23.84
23.29
22.70
22.64
23.34
23.51
23.19
23.84
24.39
24.76
25.11
24.74
24.35
24.08
24.54
24.75
24.30
24.44
24.58
25.02
25.48
25.60
25.69
25.47
24.53
23.66
23.66
24.01
24.23
24.15
24.02
23.50
23.16
23.92
24.44
24.86
24.78
25.43
25.49
25.45
25.66
25.74
25.47
25.78
25.61
25.53
25.64
25.67
25.31
25.10
25.72
25.47
25.14
24.53
24.55
25.04
24.78
25.30
25.64
24.73
24.81
25.40
25.26
25.43
24.79
24.29
24.06
23.78
23.58
23.27
23.11
23.65
23.63
24.33
24.04
23.99
24.44
24.41
24.35
24.16
24.44
24.26
24.50
24.34
24.31
24.73
24.28
24.76
24.50
24.55
24.76
24.77
24.56
24.75
24.69
25.46
26.06
26.33
26.74
26.38
26.48
26.36
26.63
26.87
26.88
26.85
26.74
28.26
28.28
27.91
28.11
28.06
27.80
28.16
28.09
28.43
28.49
28.76
28.72
28.87
29.16
29.27
29.01
29.08
28.96
28.77
29.96
29.92
30.10
29.94
30.03
30.14
30.01
30.51
30.39
30.91
30.71
30.44
30.21
30.48
30.64
30.63
30.67
31.28
31.37
31.45
31.21
30.83
30.63
30.55
30.64
30.64
31.20
31.13
30.82
30.75
30.88
30.91
30.58
29.88
30.18
29.77
29.17
29.06
29.66
29.50
29.75
30.10
29.81
29.69
31.04
30.75
30.56
30.83
30.74
30.62
30.65
30.64
30.44
30.41
29.66
29.34
29.20
29.45
29.43
29.83
29.37
29.11
28.81
28.64
28.21
28.67
28.68
28.05
28.01
28.00
28.49
28.27
28.13
27.42
27.51
27.47
28.28
28.17
28.57
27.85
28.22
28.07
28.27
28.93
28.75
29.58
29.81
29.04
29.58
28.78
28.93
29.07
28.82
29.48
29.45
29.64
29.58
29.09
28.91
28.66
28.23
27.59
28.32
28.37
28.58
29.34
29.55
29.02
28.22
28.09
27.78
28.10
28.68
28.56
28.40
28.34
28.13
28.67
28.86
29.16
29.23
29.39
29.31
29.28
29.23
29.29
29.86
29.97
29.82
29.88
29.62
29.35
29.64
29.77
29.71
29.73
29.41
29.90
29.48
29.48
30.41
30.02
29.80
29.87
29.86
30.01
30.27
30.27
30.25
30.12
30.51
30.25
29.86
29.48
29.27
29.26
28.87
28.61
28.77
28.96
29.13
28.96
28.89
28.40
28.11
28.08
28.32
28.63
28.61
28.70
28.62
27.78
27.16
27.21
27.06
27.04
27.36
27.68
28.63
28.62
28.74
28.96
28.21
27.95
27.97
27.37
26.49
26.25
26.07
25.94
26.14
26.12
26.36
27.09
26.79
26.48
26.76
26.36
26.03
25.85
25.79
26.08
26.14
25.88
26.35
26.72
26.64
26.51
26.22
26.50
26.95
26.71
27.07
26.85
26.46
26.27
26.37
25.97
26.12
